[
    {
        "train_loss": [
            2.189578216075897,
            1.6372625160217285,
            1.2738375222682954,
            1.1377955675125122,
            0.9631543558835983,
            0.8233259809017182,
            0.7209685343503952,
            0.62625250518322,
            0.599370000064373,
            0.5435219410061837,
            0.49521100252866745,
            0.4709064534306526,
            0.436389220058918,
            0.4291912746429443,
            0.41125295251607896,
            0.3740726292133331,
            0.37049870610237123,
            0.36197196155786515,
            0.3562604236602783,
            0.32435363009572027
        ],
        "test_acc": [
            11.87,
            38.18,
            59.9,
            65.76,
            72.27,
            75.51,
            78.85,
            82.41,
            82.92,
            84.62,
            86.13,
            87.21,
            88.49,
            88.29,
            88.87,
            90.16,
            90.06,
            90.32,
            90.19,
            91.29
        ]
    },
    {
        "train_loss": [
            2.194220838546753,
            1.5793533778190614,
            1.2547240602970122,
            1.0222167801856994,
            0.9284471094608306,
            0.829211814403534,
            0.6813457131385803,
            0.6081925880908966,
            0.5638977462053298,
            0.5431080669164657,
            0.5409535449743271,
            0.48371812283992766,
            0.46872231006622317,
            0.44668043583631517,
            0.4291494601964951,
            0.4172258239984512,
            0.40315763860940934,
            0.37625944793224336,
            0.37665807753801345,
            0.3671166563034058
        ],
        "test_acc": [
            10.58,
            42.73,
            57.19,
            67.07,
            71.55,
            74.48,
            80.31,
            82.31,
            84.1,
            84.8,
            85.08,
            86.63,
            86.79,
            87.45,
            88.09,
            88.29,
            88.69,
            89.68,
            89.67,
            90.4
        ]
    },
    {
        "train_loss": [
            2.1941528344154357,
            1.592308259010315,
            1.2565193450450898,
            1.1160839784145355,
            0.9486280125379563,
            0.8637733203172684,
            0.7045426577329635,
            0.6085960271954537,
            0.5970553612709045,
            0.5470866674184799,
            0.5137943723797798,
            0.4890826216340065,
            0.4889592257142067,
            0.4528241029381752,
            0.4309257048368454,
            0.4304183265566826,
            0.3910722529888153,
            0.3774643006920815,
            0.3984138172864914,
            0.392231750190258
        ],
        "test_acc": [
            10.7,
            42.6,
            58.07,
            63.0,
            70.68,
            73.83,
            79.42,
            82.63,
            83.05,
            85.04,
            85.58,
            86.09,
            86.34,
            87.4,
            88.28,
            88.15,
            89.36,
            89.67,
            88.74,
            89.23
        ]
    },
    {
        "train_loss": [
            2.195075583457947,
            1.5913946259021758,
            1.2427953672409058,
            1.070332056283951,
            0.9416981172561646,
            0.7685826522111893,
            0.6733012819290161,
            0.6308018660545349,
            0.5667713296413421,
            0.5654401129484177,
            0.5111120274662971,
            0.5061840343475342,
            0.4747800663113594,
            0.47274539470672605,
            0.45058174401521683,
            0.42629877537488936,
            0.4130380541086197,
            0.41071314305067064,
            0.4120078045129776,
            0.40467761397361757
        ],
        "test_acc": [
            10.63,
            41.54,
            58.56,
            66.11,
            70.51,
            76.13,
            79.93,
            81.47,
            83.41,
            83.5,
            85.78,
            86.02,
            86.68,
            86.73,
            87.42,
            88.22,
            88.43,
            88.27,
            88.5,
            88.56
        ]
    },
    {
        "train_loss": [
            2.193921735286713,
            1.5926317477226257,
            1.2489068925380706,
            1.0653084099292756,
            0.9376714593172073,
            0.8599584001302719,
            0.7494781148433686,
            0.6417834067344665,
            0.5693448227643967,
            0.5403340673446655,
            0.5367656183242798,
            0.5204580873250961,
            0.47472927302122114,
            0.4646256321668625,
            0.4570245906710625,
            0.4333946704864502,
            0.4230524054169655,
            0.40294564217329026,
            0.38173291087150574,
            0.3729634962975979
        ],
        "test_acc": [
            10.45,
            39.91,
            58.52,
            65.9,
            70.05,
            71.36,
            77.96,
            82.05,
            84.25,
            84.8,
            85.04,
            85.42,
            86.94,
            86.76,
            87.31,
            87.85,
            88.04,
            88.74,
            89.4,
            89.79
        ]
    },
    {
        "train_loss": [
            2.1945154094696044,
            1.612608335018158,
            1.2732210552692413,
            1.133706923723221,
            0.9009795027971268,
            0.7938192409276962,
            0.7642229706048965,
            0.6412933963537216,
            0.580949841439724,
            0.5753411197662354,
            0.5015794536471367,
            0.5080571249127388,
            0.46424077481031417,
            0.4459512510895729,
            0.417326352596283,
            0.39979677230119703,
            0.3979469445347786,
            0.3631105196475983,
            0.3466709551215172,
            0.3465338005125523
        ],
        "test_acc": [
            10.78,
            39.83,
            57.64,
            63.2,
            72.72,
            77.18,
            77.73,
            81.77,
            84.41,
            84.84,
            86.37,
            85.69,
            87.45,
            88.21,
            88.98,
            89.37,
            89.24,
            90.45,
            91.01,
            91.02
        ]
    },
    {
        "train_loss": [
            2.1909912180900575,
            1.6120860755443573,
            1.2944718348979949,
            1.1015930098295212,
            0.9602301430702209,
            0.8249988508224487,
            0.7403304266929627,
            0.6552445310354232,
            0.5803354269266129,
            0.5584018212556839,
            0.5127608197927475,
            0.4998021680116653,
            0.47432117283344266,
            0.44765077501535416,
            0.4347096291184425,
            0.42613905906677246,
            0.44544336318969724,
            0.4239184957742691,
            0.39588781356811525,
            0.37856946617364884
        ],
        "test_acc": [
            10.96,
            40.61,
            57.38,
            66.05,
            70.73,
            75.65,
            76.65,
            79.64,
            82.89,
            83.95,
            85.68,
            85.74,
            86.65,
            87.52,
            87.85,
            87.83,
            87.03,
            87.27,
            88.69,
            89.59
        ]
    },
    {
        "train_loss": [
            2.1949183535575867,
            1.6142804825305939,
            1.2955446887016295,
            1.0511213290691375,
            0.9428762382268906,
            0.8016920912265778,
            0.6845413166284561,
            0.6213818460702896,
            0.5437394961714744,
            0.5393030893802643,
            0.4834746861457825,
            0.4558899119496346,
            0.4209436723589897,
            0.4106438943743706,
            0.3860352888703346,
            0.3721020767092705,
            0.3549273228645325,
            0.3458423320949078,
            0.3358518229424953,
            0.3364014305174351
        ],
        "test_acc": [
            10.94,
            39.89,
            55.79,
            68.26,
            70.95,
            75.69,
            78.62,
            81.81,
            84.85,
            85.07,
            86.73,
            87.79,
            88.76,
            88.99,
            89.96,
            90.4,
            90.64,
            90.78,
            91.13,
            91.23
        ]
    },
    {
        "train_loss": [
            2.193382594585419,
            1.624246015548706,
            1.2919759368896484,
            1.0626252037286759,
            0.908801035284996,
            0.8084936499595642,
            0.7199429166316986,
            0.6750443136692047,
            0.5856217682361603,
            0.553341052532196,
            0.5078368166089058,
            0.4911921700835228,
            0.4700826680660248,
            0.45046768605709075,
            0.4248918136954308,
            0.39718806341290475,
            0.41634351402521136,
            0.3778155532479286,
            0.3514231875538826,
            0.3947547076642513
        ],
        "test_acc": [
            11.08,
            37.69,
            56.13,
            68.78,
            73.42,
            77.02,
            79.66,
            80.47,
            83.79,
            84.01,
            85.82,
            86.37,
            86.88,
            87.33,
            88.45,
            89.01,
            88.21,
            89.55,
            90.57,
            89.08
        ]
    },
    {
        "train_loss": [
            2.194731345176697,
            1.603444995880127,
            1.301951925754547,
            1.027860667705536,
            0.8889806336164474,
            0.7753779321908951,
            0.672792661190033,
            0.628936014175415,
            0.5696538704633712,
            0.5448855283856392,
            0.5052258136868477,
            0.46688188493251803,
            0.4480610671639442,
            0.43621416330337526,
            0.4406910166144371,
            0.4122675311565399,
            0.3661758959293365,
            0.3552768728137016,
            0.39024092108011244,
            0.3859237802028656
        ],
        "test_acc": [
            10.8,
            40.51,
            54.9,
            69.13,
            73.72,
            77.2,
            80.46,
            81.97,
            83.65,
            84.42,
            85.61,
            87.19,
            87.67,
            88.12,
            88.15,
            88.74,
            90.18,
            90.58,
            89.03,
            89.03
        ]
    }
]