[
    {
        "train_loss": [
            2.2983206939697265,
            2.1748131346702575,
            1.7205910062789918,
            1.324572811126709,
            1.002156286239624,
            0.7945153641700745,
            0.6707744669914245,
            0.6107732605934143,
            0.5684836733341218,
            0.5357154676318169,
            0.5110444253683091,
            0.4867647281289101,
            0.47070651113986967,
            0.45860247194767,
            0.44489080816507337,
            0.43110303819179535,
            0.4177860963344574,
            0.40139007568359375,
            0.39345811516046525,
            0.381569878757
        ],
        "test_acc": [
            10.32,
            19.18,
            38.17,
            55.88,
            69.27,
            78.53,
            80.71,
            82.86,
            83.66,
            84.75,
            85.44,
            86.05,
            86.85,
            87.31,
            87.46,
            88.07,
            88.1,
            88.59,
            88.5,
            89.28
        ]
    },
    {
        "train_loss": [
            2.301712176799774,
            2.194441876411438,
            1.7164612936973571,
            1.1446628975868225,
            0.8405187183618545,
            0.7211482834815979,
            0.6507316786050796,
            0.6128350982069969,
            0.5722414544224739,
            0.5343741491436959,
            0.5076185008883476,
            0.5019907397031784,
            0.48172657668590546,
            0.46724295765161517,
            0.45845375150442125,
            0.4472120997309685,
            0.437543957233429,
            0.4433200240135193,
            0.43480940014123914,
            0.428350425362587
        ],
        "test_acc": [
            11.31,
            17.85,
            41.31,
            68.73,
            76.04,
            78.86,
            80.64,
            82.46,
            82.45,
            84.41,
            84.95,
            85.47,
            85.99,
            86.17,
            86.5,
            87.14,
            87.55,
            87.03,
            87.46,
            87.58
        ]
    },
    {
        "train_loss": [
            2.2967658758163454,
            2.121305501461029,
            1.4530894470214843,
            1.0357440602779389,
            0.8165388834476471,
            0.7027232867479324,
            0.6257913318276406,
            0.5850270918011665,
            0.5512848457694054,
            0.5317877647280693,
            0.519070488512516,
            0.5150565767288208,
            0.5055292037129402,
            0.49478016316890716,
            0.48342028707265855,
            0.4648135641217232,
            0.45466088503599167,
            0.446886445581913,
            0.4393202698230743,
            0.43812315225601195
        ],
        "test_acc": [
            10.32,
            29.19,
            53.47,
            69.76,
            76.74,
            80.47,
            82.72,
            83.58,
            84.41,
            84.97,
            85.6,
            85.83,
            86.05,
            86.04,
            86.17,
            86.76,
            86.88,
            87.32,
            87.47,
            87.48
        ]
    },
    {
        "train_loss": [
            2.2990119194984437,
            2.1343101477622985,
            1.6100821328163146,
            1.1379189318418503,
            0.8669159322977066,
            0.7240311759710312,
            0.6423683255910874,
            0.5884283998608589,
            0.546308591067791,
            0.525115261375904,
            0.5019829803705216,
            0.48340925574302673,
            0.4696820455789566,
            0.4530027747154236,
            0.4461003178358078,
            0.43276856243610384,
            0.4231422299146652,
            0.4220927569270134,
            0.41030620217323305,
            0.405322490632534
        ],
        "test_acc": [
            16.57,
            20.64,
            49.88,
            67.54,
            75.52,
            80.86,
            82.49,
            83.89,
            84.95,
            85.38,
            85.97,
            86.6,
            86.59,
            87.14,
            87.32,
            87.85,
            88.38,
            88.15,
            88.44,
            88.68
        ]
    },
    {
        "train_loss": [
            2.2924365115165712,
            2.107502238750458,
            1.5519175159931182,
            1.1357622480392455,
            0.8820630168914795,
            0.7598298263549804,
            0.6794890356063843,
            0.6204357436299324,
            0.582239673435688,
            0.5575451725721359,
            0.523888883292675,
            0.5017818063497543,
            0.4892236053943634,
            0.4734442186355591,
            0.4611852219700813,
            0.4481016671657562,
            0.4357687583565712,
            0.42376129537820817,
            0.4207186162471771,
            0.406147224009037
        ],
        "test_acc": [
            10.63,
            29.65,
            47.58,
            63.98,
            73.67,
            77.07,
            80.45,
            82.46,
            83.8,
            84.47,
            85.41,
            86.02,
            86.44,
            86.59,
            86.98,
            87.47,
            87.67,
            88.0,
            87.71,
            88.13
        ]
    },
    {
        "train_loss": [
            2.29457820892334,
            2.0996712708473204,
            1.4815361499786377,
            1.0395703822374345,
            0.8294125479459763,
            0.7153653585910797,
            0.6518880993127822,
            0.6138063317537308,
            0.5737346503138542,
            0.5535743296146393,
            0.5255727022886276,
            0.5002042779326439,
            0.47682701170444486,
            0.46802104502916336,
            0.4585033968091011,
            0.4415070843696594,
            0.43273249179124834,
            0.4272106885910034,
            0.419788746535778,
            0.408293319940567
        ],
        "test_acc": [
            12.82,
            30.3,
            54.43,
            70.76,
            75.68,
            79.06,
            80.67,
            82.2,
            83.73,
            83.78,
            84.53,
            86.06,
            86.69,
            87.0,
            87.21,
            87.59,
            87.88,
            87.94,
            88.19,
            88.71
        ]
    },
    {
        "train_loss": [
            2.299039378166199,
            2.14738908290863,
            1.5858521568775177,
            1.0965196889638902,
            0.8548672312498092,
            0.7361765390634537,
            0.6886164927482605,
            0.6521370393037796,
            0.6117705467343331,
            0.5761281853914261,
            0.5434526640176773,
            0.522558468580246,
            0.4989087897539139,
            0.47398720055818555,
            0.4574563255906105,
            0.4577180868387222,
            0.42732741087675097,
            0.41583503246307374,
            0.4009263709187508,
            0.38864415615797043
        ],
        "test_acc": [
            14.15,
            18.14,
            44.5,
            67.36,
            74.99,
            78.2,
            79.33,
            81.2,
            82.38,
            83.37,
            84.6,
            85.6,
            86.27,
            86.98,
            87.32,
            87.37,
            88.13,
            88.44,
            89.22,
            89.47
        ]
    },
    {
        "train_loss": [
            2.298097994327545,
            2.140742404460907,
            1.5772693252563477,
            1.0766948336362838,
            0.826201604604721,
            0.692294527888298,
            0.6164556074142457,
            0.5632470232248307,
            0.5354945173859597,
            0.5226391664147377,
            0.4929460296034813,
            0.47768267601728437,
            0.4730032882094383,
            0.4650704091787338,
            0.45269693970680236,
            0.4375630897283554,
            0.43020847827196124,
            0.4219533398747444,
            0.41488139033317567,
            0.41036174178123475
        ],
        "test_acc": [
            17.83,
            20.71,
            47.64,
            66.65,
            75.28,
            80.34,
            83.12,
            84.25,
            84.98,
            85.27,
            86.04,
            86.61,
            86.64,
            86.44,
            87.28,
            87.75,
            88.05,
            87.95,
            87.86,
            88.08
        ]
    },
    {
        "train_loss": [
            2.300543711185455,
            2.151970109939575,
            1.6444309520721436,
            1.1708870857954026,
            0.8632904875278473,
            0.7381732690334321,
            0.6747927457094193,
            0.6298432540893555,
            0.5969626879692078,
            0.5491595327854156,
            0.5276994314789772,
            0.515199721455574,
            0.4975216674804688,
            0.4860679176449776,
            0.4795838651061058,
            0.4637036192417145,
            0.45173850417137146,
            0.4389619129896164,
            0.4317185229063034,
            0.41858967155218124
        ],
        "test_acc": [
            14.89,
            20.42,
            45.03,
            65.24,
            75.13,
            78.12,
            80.13,
            82.71,
            82.9,
            84.66,
            85.08,
            85.82,
            85.71,
            86.21,
            85.81,
            86.68,
            86.98,
            87.55,
            88.03,
            88.14
        ]
    },
    {
        "train_loss": [
            2.2935244822502137,
            2.1284332036972047,
            1.6412874722480775,
            1.173540744781494,
            0.8749327999353409,
            0.7528721165657043,
            0.6893765705823899,
            0.6379116201400756,
            0.5933525690436363,
            0.558151575922966,
            0.527604758143425,
            0.5049072831869126,
            0.4871891087293625,
            0.4654056778550148,
            0.44492352664470675,
            0.4193850240111351,
            0.40556909024715426,
            0.39271831840276716,
            0.37894914239645006,
            0.3659167492389679
        ],
        "test_acc": [
            10.77,
            24.37,
            44.87,
            66.02,
            74.02,
            78.3,
            80.62,
            82.48,
            83.2,
            84.52,
            85.77,
            86.51,
            86.49,
            86.93,
            87.86,
            88.64,
            89.31,
            89.36,
            89.55,
            89.81
        ]
    }
]