[
    {
        "train_loss": [
            2.264154971362171,
            2.0577927352228538,
            1.501894125783008,
            1.2006243797652827,
            1.045881592443121,
            0.9368034853697438,
            0.8388854682582808,
            0.7791560118514744,
            0.7666375694199327,
            0.7248537882068277,
            0.6898002944471182,
            0.6466479123090518,
            0.6418632211003227,
            0.6114294142172542,
            0.6045279191856286,
            0.5952635503202511,
            0.578179088235096,
            0.5966754215685042,
            0.5671965373541444,
            0.5560579005391986
        ],
        "test_acc": [
            10.360935146289766,
            29.73122661904703,
            49.1796381481526,
            63.75151679894754,
            70.01064225510463,
            72.80960697513149,
            75.14117316122866,
            77.4392126225312,
            78.07067604184914,
            78.60422629585268,
            80.32908462920138,
            80.80030310997735,
            81.86179816944308,
            82.2192466582606,
            82.4637974006662,
            83.29975236800718,
            82.70051004109865,
            83.6495222607332,
            83.86178624044337,
            84.33983375627189
        ]
    },
    {
        "train_loss": [
            2.2802460015264763,
            2.072836054288909,
            1.478097057685128,
            1.1848454011434582,
            1.020240552530651,
            0.938281286212911,
            0.8395139432570475,
            0.8029938949479892,
            0.8010317939085625,
            0.7060463548794805,
            0.7066277994682217,
            0.6464767992456179,
            0.6621467934254479,
            0.6214420398871189,
            0.587019030031547,
            0.583125858909228,
            0.5425778616683067,
            0.5888141259456955,
            0.5961948554045947,
            0.5487788152714791
        ],
        "test_acc": [
            10.353197058521806,
            29.74738545263458,
            49.1701506760076,
            63.738512931194215,
            70.00715129340367,
            72.81751219298566,
            75.12229227030375,
            77.43572481898147,
            78.08095536289326,
            78.61624910897233,
            80.32563909572303,
            80.79498768187821,
            81.85391322685042,
            82.23289790769664,
            82.47848298944895,
            83.2985535424034,
            82.70642777410346,
            83.65337975825295,
            83.8549595043217,
            84.34401591159468
        ]
    },
    {
        "train_loss": [
            2.284043678251167,
            2.1095640894919114,
            1.5465953700016353,
            1.1881632363960304,
            1.0378157656872111,
            0.9292604833205445,
            0.812617957302376,
            0.7689016189192371,
            0.7723928887649588,
            0.7235658868362841,
            0.6602900912502063,
            0.6618796245913625,
            0.6758075711561613,
            0.6155142686487143,
            0.6213429360392825,
            0.5984521098007712,
            0.5787939363148443,
            0.5753530978272642,
            0.558615979132536,
            0.5797984887488679
        ],
        "test_acc": [
            10.346927171147033,
            29.69962577426454,
            49.18631182157088,
            63.73561085764218,
            69.99781240885305,
            72.82801335890261,
            75.13157473190802,
            77.43370739017061,
            78.04558270176263,
            78.59030522888071,
            80.33176082676243,
            80.83669120862041,
            81.88241608117947,
            82.23648572803124,
            82.47171515222111,
            83.29821764843325,
            82.69250242768348,
            83.6442542257149,
            83.86243822506573,
            84.33435743689806
        ]
    },
    {
        "train_loss": [
            2.218316555712928,
            2.0312444718422347,
            1.5156368924818584,
            1.1626649325519816,
            0.9569613221055844,
            0.8823398134483832,
            0.7940491258977084,
            0.7448710975271388,
            0.7754604850372803,
            0.723819143870617,
            0.6627438878820799,
            0.719558624804374,
            0.6856296344043945,
            0.6179839637572577,
            0.6354272326667012,
            0.5796342499672912,
            0.6170583517335604,
            0.570640949324517,
            0.5156896625662017,
            0.5431179862917946
        ],
        "test_acc": [
            10.334718116521861,
            29.76273546804186,
            49.21663455848164,
            63.78013310297305,
            70.01591273142427,
            72.78636010222218,
            75.13965615922645,
            77.4207929702944,
            78.04619289870428,
            78.6358479373668,
            80.29890770659385,
            80.79239026690881,
            81.83350183700799,
            82.23258012071621,
            82.51368083812972,
            83.29797932886154,
            82.70678451117732,
            83.66503486685465,
            83.91176521614253,
            84.35232379306201
        ]
    },
    {
        "train_loss": [
            2.255896178822866,
            2.0950495774192106,
            1.5070517897521225,
            1.200689284992038,
            1.0278802905348368,
            0.9270039547426921,
            0.8547966763828319,
            0.808861468657447,
            0.7464648919413505,
            0.7183461573038039,
            0.6876260596470523,
            0.6397035514860444,
            0.6337707996818772,
            0.6129234950347706,
            0.6178623929250291,
            0.5976868911933133,
            0.5775965352340044,
            0.5986658836668941,
            0.5637638297355372,
            0.5735624785946112
        ],
        "test_acc": [
            10.357592374823867,
            29.72538837886602,
            49.21930262404022,
            63.716872803626124,
            70.00655055505446,
            72.83249422959156,
            75.15341091235685,
            77.44697976042602,
            78.06064741989069,
            78.61339766495726,
            80.32341471159097,
            80.74424930817247,
            81.86577292742808,
            82.21642298347794,
            82.49866946321393,
            83.29909438056514,
            82.76988495897766,
            83.68801173976176,
            83.85800066887347,
            84.37522236296395
        ]
    },
    {
        "train_loss": [
            2.256698618576366,
            2.0722423049211973,
            1.5117697050469288,
            1.2188666992223827,
            1.0278986728449377,
            0.9295229633955449,
            0.8570218279015751,
            0.7832828852248754,
            0.7681805484302019,
            0.7375041630656632,
            0.6852596679546942,
            0.6483342515932198,
            0.6562475643419245,
            0.6059341914444467,
            0.6208433790145467,
            0.602602907732477,
            0.5848975162130864,
            0.5862776659624513,
            0.5469999257085262,
            0.566647318259597
        ],
        "test_acc": [
            10.349196340229442,
            29.71834788302077,
            49.202246774145394,
            63.74744673275764,
            70.01224357274475,
            72.81479163700897,
            75.1366789047915,
            77.442250492994,
            78.05130524272677,
            78.61588253209868,
            80.30323826603495,
            80.806263580662,
            81.89181671955622,
            82.22409975420538,
            82.46612731873186,
            83.29908221090824,
            82.70185342277425,
            83.64751693977024,
            83.86280402003591,
            84.33509196313194
        ]
    },
    {
        "train_loss": [
            2.2730665029089145,
            2.07414114931963,
            1.5327437798601298,
            1.1875637951483682,
            1.0270853231881774,
            0.9231048920812756,
            0.8469853621189324,
            0.7765571438051984,
            0.7804626898279654,
            0.7190859687521686,
            0.6924055719247968,
            0.6511226377842537,
            0.6548219418707958,
            0.6329195644941956,
            0.6210470018010599,
            0.5710104228783698,
            0.5858447162597923,
            0.5837632273481109,
            0.5781837521883023,
            0.5700426830230526
        ],
        "test_acc": [
            10.360468585801383,
            29.743947675644595,
            49.19383121021828,
            63.7579343623505,
            70.01021894747485,
            72.79340984198839,
            75.13658855542299,
            77.41361681113692,
            78.07285150890053,
            78.61660217534839,
            80.32834913000535,
            80.79305435803907,
            81.85260481033238,
            82.22282933749864,
            82.46545580359307,
            83.30201594990102,
            82.68674499921678,
            83.65513289492988,
            83.84896015455399,
            84.36735336952039
        ]
    },
    {
        "train_loss": [
            2.2779650474256714,
            2.0506560586028746,
            1.5133587821883907,
            1.1895405826319865,
            1.0237866383450198,
            0.958267010956864,
            0.854777537238545,
            0.7973191363210349,
            0.7529229067373492,
            0.7398831772541373,
            0.7051649878258739,
            0.6540755708768474,
            0.6592909535155766,
            0.6238402797866106,
            0.6143278228240128,
            0.6239215368254684,
            0.6078134238027978,
            0.6112231727193989,
            0.5488951932760383,
            0.5821681242042087
        ],
        "test_acc": [
            10.358989978381443,
            29.735511058892257,
            49.17054068993551,
            63.74462479591931,
            69.99686454267527,
            72.81562124491263,
            75.16739413739917,
            77.44054079297584,
            78.08060564906489,
            78.57710617903982,
            80.27095571774493,
            80.8163180278878,
            81.88636639417172,
            82.26458798838009,
            82.4903587972551,
            83.30715043716333,
            82.73477376975914,
            83.65070829046327,
            83.84704606019342,
            84.34128705267906
        ]
    },
    {
        "train_loss": [
            2.2462247741766457,
            2.070462469956931,
            1.5105717909660328,
            1.1878904940740151,
            1.0425534139585575,
            0.8920184786863115,
            0.8222930492506425,
            0.8254133689849281,
            0.77975380086644,
            0.7340190543993755,
            0.7180951782475039,
            0.6737665364824503,
            0.6449569236579282,
            0.6274581498640873,
            0.6006951630558212,
            0.633056320011498,
            0.5616370385990082,
            0.5704398065836583,
            0.5668272130469524,
            0.5410934266948253
        ],
        "test_acc": [
            10.377264513561357,
            29.71859701915747,
            49.168036731704404,
            63.7575329364386,
            69.99979931246804,
            72.80410219282992,
            75.13395263807891,
            77.43801708272969,
            78.07830829317835,
            78.60097825699854,
            80.33822327800169,
            80.79961707893784,
            81.86619086545161,
            82.22540952874947,
            82.48519846321348,
            83.28172078457575,
            82.69971889658572,
            83.63381756333698,
            83.84586702366062,
            84.33571623661115
        ]
    },
    {
        "train_loss": [
            2.2331684256475763,
            2.1504890343801804,
            1.514475680910172,
            1.2016311217872369,
            1.0062111572082655,
            0.8930229270743699,
            0.8604271758488599,
            0.7749700687519516,
            0.7667789224109822,
            0.7246224227172371,
            0.6951074921954107,
            0.6290450674268658,
            0.6142209667522058,
            0.6410317477384404,
            0.6102280163578753,
            0.5969138151167787,
            0.5932340987962381,
            0.5883070228897961,
            0.5706874980219536,
            0.5452291300414438
        ],
        "test_acc": [
            10.375218306908769,
            29.74253742079455,
            49.14833297258084,
            63.75845379605987,
            69.98896348950774,
            72.83287901742767,
            75.13216722295164,
            77.42026524433649,
            78.06422303398716,
            78.58991105817364,
            80.32691242613022,
            80.80626260876535,
            81.87146040702709,
            82.21446296537268,
            82.46662626307368,
            83.30105255340503,
            82.70795310266423,
            83.66095889653474,
            83.84378044972031,
            84.33657244279071
        ]
    }
]