[
    {
        "train_loss": [
            2.288781678481746,
            1.9882931823657992,
            1.457911161091809,
            1.0967512807556847,
            0.8921970768356514,
            0.7831421263744419,
            0.6891286000284372,
            0.6416070505141707,
            0.5883366562508945,
            0.5721106529748147,
            0.5041751501106052,
            0.5185472204074492,
            0.4935512053320481,
            0.49496965355928885,
            0.47590235816694676,
            0.4590403316506728,
            0.4381215352745317,
            0.4616719907018085,
            0.4521268725538392,
            0.43277823070914356
        ],
        "test_acc": [
            10.55992109810962,
            32.752238412966186,
            51.35059886321546,
            66.26156090810903,
            74.09597228668355,
            78.29997913040249,
            80.9793974511953,
            82.3184511971038,
            84.25784141948593,
            83.97821706155896,
            85.51297605597452,
            85.97312123994072,
            86.34602678437794,
            86.39304190704665,
            86.93751689089298,
            87.32323285686533,
            87.45389445880886,
            87.50262924826235,
            87.51769701972286,
            87.79913804845651
        ]
    },
    {
        "train_loss": [
            2.2571433962967866,
            2.0023487066406287,
            1.4419429386524634,
            1.1131895608199591,
            0.9181454600980341,
            0.7847092373962222,
            0.716235338122637,
            0.6660623369760914,
            0.5913299428321322,
            0.5572559271713768,
            0.5172746667771031,
            0.5076809152702413,
            0.48613339036229986,
            0.4678434975354599,
            0.4689958821879632,
            0.45283465225642405,
            0.45796075252956736,
            0.46343073386218503,
            0.4414568730280957,
            0.4402960982917491
        ],
        "test_acc": [
            10.57474459359073,
            32.744645755584365,
            51.34979010470108,
            66.26184132594075,
            74.11087721882373,
            78.30464867306543,
            80.97540334950176,
            82.32396497942965,
            84.24317663303432,
            83.99209933643439,
            85.50894924026578,
            85.99095033670265,
            86.324785786174,
            86.39689086498207,
            86.93746738472413,
            87.32828961147669,
            87.4394195340979,
            87.50394474036996,
            87.51343832942977,
            87.78344318429929
        ]
    },
    {
        "train_loss": [
            2.2467484859657825,
            1.995770946860369,
            1.4439616852857757,
            1.0934774106511764,
            0.915043735027501,
            0.7943030246161868,
            0.70753300923219,
            0.6319371246797569,
            0.586588638885422,
            0.5730722517704412,
            0.5203557424608453,
            0.5103426771085505,
            0.49369603463897327,
            0.48828042313149506,
            0.48332121128514904,
            0.4556145304079691,
            0.45481302377738037,
            0.42811881254590656,
            0.426255127685465,
            0.44653582819084225
        ],
        "test_acc": [
            10.574236894984107,
            32.73840828644318,
            51.3782333287851,
            66.28435364970584,
            74.11377438637591,
            78.30491710923015,
            80.94139509698444,
            82.3104655827015,
            84.2506705983123,
            83.98694094169332,
            85.51412263455339,
            86.00065237399276,
            86.31828639124858,
            86.38561733318227,
            86.93273941235212,
            87.31728624899625,
            87.43255085016251,
            87.50091929209249,
            87.51321016799604,
            87.7883045770453
        ]
    },
    {
        "train_loss": [
            2.2658041378345715,
            1.9919060969712234,
            1.4339058111727845,
            1.1055564124216688,
            0.9258746099490757,
            0.7890214667060867,
            0.6941263862801929,
            0.6286262754143745,
            0.5792176559510445,
            0.5664219691635337,
            0.5398370965651871,
            0.5180497000311713,
            0.48596729666277183,
            0.48481621136943565,
            0.4676963304395291,
            0.4501050401551643,
            0.4490305956313573,
            0.4385547934365804,
            0.43349224385534907,
            0.4348103423099869
        ],
        "test_acc": [
            10.575342177694012,
            32.740731841168646,
            51.34188547830177,
            66.26519950785084,
            74.09366012898978,
            78.31121592377936,
            80.94740644855354,
            82.32049397589196,
            84.2456387374168,
            83.96692432075973,
            85.5168029308081,
            85.99531183460326,
            86.31634115802241,
            86.39526649544439,
            86.93124444744171,
            87.31521034239167,
            87.42438965038679,
            87.50121527683417,
            87.51674680536183,
            87.79495555896634
        ]
    },
    {
        "train_loss": [
            2.2422588412314473,
            2.022857533388903,
            1.4650258610704203,
            1.1212342378212783,
            0.9097308687518936,
            0.7930050034967367,
            0.7073270126626799,
            0.6406574844793753,
            0.593482015796214,
            0.5638535624634922,
            0.5241955049057895,
            0.508439271119746,
            0.5006267469940477,
            0.48824089418981786,
            0.4680770894992956,
            0.4628612925164085,
            0.44198001897323613,
            0.4419273272764375,
            0.4265585769172261,
            0.4413022238803587
        ],
        "test_acc": [
            10.55431375411752,
            32.75561456445057,
            51.37881364353976,
            66.25513280748238,
            74.10496917172232,
            78.30393657903299,
            80.98153381440291,
            82.32109812214752,
            84.25229086189024,
            83.97420208724154,
            85.50635665031885,
            86.00173824019213,
            86.32190385733615,
            86.39084078410147,
            86.91529347424633,
            87.33209712682998,
            87.42822731657981,
            87.51297300786023,
            87.50976164908164,
            87.77668629874984
        ]
    },
    {
        "train_loss": [
            2.23969193518749,
            2.000941884401319,
            1.453481528897,
            1.1125174763333736,
            0.9116247683556172,
            0.795829214915073,
            0.7131469489239102,
            0.6415121077218018,
            0.5979610246724057,
            0.5459944825998662,
            0.5443434623820822,
            0.49672726836758185,
            0.512456418254773,
            0.48973823134971556,
            0.46849588349489324,
            0.46098282600494994,
            0.46063375080039853,
            0.43094040523660915,
            0.42001409777134074,
            0.43272015976503486
        ],
        "test_acc": [
            10.583203569980295,
            32.755680008534405,
            51.3594047153935,
            66.27437474478126,
            74.09741138920536,
            78.29862494216371,
            80.94158734818026,
            82.33351842484018,
            84.2523957734728,
            83.97917296507532,
            85.51401838515206,
            86.01054630049647,
            86.31868154854786,
            86.37901914867844,
            86.92613793838204,
            87.3031968615009,
            87.44422658080731,
            87.47914207464017,
            87.5216312115139,
            87.80006016433666
        ]
    },
    {
        "train_loss": [
            2.2674107879394,
            2.0107826688879062,
            1.4587144057886703,
            1.1255236847422938,
            0.9327327901987352,
            0.7901925159086541,
            0.6994744293066909,
            0.632025008028782,
            0.5667906761976328,
            0.5462936242424843,
            0.5250487236515823,
            0.51140155396558,
            0.5042610494697867,
            0.46371057435578245,
            0.4870573155211022,
            0.460453985438321,
            0.4454961505662887,
            0.45398749921105774,
            0.43944062406671036,
            0.4413026464203472
        ],
        "test_acc": [
            10.582853378789821,
            32.752002739399025,
            51.34645339459512,
            66.28006143164784,
            74.07576476570976,
            78.3118659339287,
            80.96842178485537,
            82.33256180582399,
            84.25792574818144,
            83.93879461720853,
            85.52201254839387,
            85.97832020205155,
            86.28180371862949,
            86.41105459141326,
            86.95521085938049,
            87.33361348427609,
            87.40919821451554,
            87.48089025563488,
            87.52377175345224,
            87.81752132790604
        ]
    },
    {
        "train_loss": [
            2.2558432350227995,
            1.9844835677238446,
            1.4575137534619595,
            1.1195328864089444,
            0.9221952722663266,
            0.805250539978942,
            0.7237107109391271,
            0.6251395169958611,
            0.5787575275706562,
            0.5663664452247216,
            0.5395089575093794,
            0.4891562398146575,
            0.49266477855098373,
            0.47626965269158944,
            0.4620817374557084,
            0.4548455976259527,
            0.45947815397534447,
            0.44958979820106887,
            0.4259371817709075,
            0.4377071929363917
        ],
        "test_acc": [
            10.58677799000885,
            32.748513674909866,
            51.31793684243505,
            66.24398448354678,
            74.08909175792388,
            78.27353135911515,
            80.9334760502376,
            82.34966925702795,
            84.24218091779797,
            83.99017591797998,
            85.54286246189552,
            85.98219569295259,
            86.29301773709412,
            86.39731816669834,
            86.9546767826385,
            87.29702038440686,
            87.44757001658132,
            87.49548009177273,
            87.54913192905721,
            87.79349613502912
        ]
    },
    {
        "train_loss": [
            2.2550501262327085,
            2.0042548632277515,
            1.4520566201223473,
            1.1169072877836348,
            0.9108195281825312,
            0.815537497692,
            0.6916211809532697,
            0.614305544740302,
            0.592760077300376,
            0.5627473594246025,
            0.5386347150875691,
            0.48853984635511066,
            0.49524946699005273,
            0.47408860424275895,
            0.47340510977284,
            0.44969652655441633,
            0.45117157051842216,
            0.4535481920668287,
            0.4366422446958171,
            0.42735278732360626
        ],
        "test_acc": [
            10.571445770309053,
            32.751459770563876,
            51.36308360049945,
            66.27041567613244,
            74.10120901899603,
            78.29992096515116,
            80.95802705225174,
            82.3340945369654,
            84.25024158925123,
            83.97817460093354,
            85.51061061148697,
            86.00052829549878,
            86.32146184511409,
            86.39241891013754,
            86.94044674850954,
            87.31705334820975,
            87.44265200257357,
            87.4879066880773,
            87.51746554499739,
            87.78790177621747
        ]
    },
    {
        "train_loss": [
            2.2575171416540294,
            1.9954694657624086,
            1.4532799572148554,
            1.1158972650881067,
            0.9132748775479747,
            0.7963709229237693,
            0.7020208767857143,
            0.6390712048421878,
            0.5866264670844124,
            0.5603851899410234,
            0.5243420431563162,
            0.5042546871457239,
            0.4927263048499028,
            0.48142669126866694,
            0.46724097512273965,
            0.4593935776379856,
            0.4483716447908574,
            0.44255422765532476,
            0.43722880030769357,
            0.4313483214320111
        ],
        "test_acc": [
            10.570340947903748,
            32.75217127938437,
            51.35958549304814,
            66.27090070217831,
            74.09912317744309,
            78.30211327561477,
            80.95645493667081,
            82.33111419533685,
            84.25264152465245,
            83.98338356098115,
            85.50926941356973,
            86.00045973389872,
            86.31696890790639,
            86.38622338747925,
            86.94111382106834,
            87.31705968656037,
            87.43942500208803,
            87.49277264768907,
            87.52181954945107,
            87.79189005337903
        ]
    }
]